-------------  8
[1022.76    0.   1241.    374.  ]
1007.0196016838358 -40.70140109006118 1242.0358970122843 346.9680063600106

 

[[ 3.671  0.407  1.835  0.3  ]
 [ 3.675  0.407  1.83   0.3  ]
 [ 3.681  0.407  1.826  0.3  ]
 ...
 [10.683  2.993  4.838  0.3  ]
 [10.852  1.153  4.919  0.3  ]
 [10.852  1.24   4.919  0.3  ]] 

[[ 2.01902882  0.46        3.38428997]
 [ 4.29713174  0.46        3.29130014]
 [ 4.08097118  0.46       -2.00428997]
 [ 1.80286826  0.46       -1.91130014]
 [ 2.01902882 -1.39        3.38428997]
 [ 4.29713174 -1.39        3.29130014]
 [ 4.08097118 -1.39       -2.00428997]
 [ 1.80286826 -1.39       -1.91130014]] 


-------------  9
[1114.24  168.85 1241.    374.  ]
1106.8748632710547 166.21393229697432 1241.9936393354299 357.6230557307059

 

[[13.921  2.899  6.749  0.3  ]
 [13.921  4.028  6.748  0.3  ]
 [13.921  4.189  6.747  0.3  ]
 [13.921  2.895  6.696  0.3  ]
 [13.921  4.021  6.694  0.3  ]
 [13.921  4.182  6.694  0.3  ]
 [13.921  2.89   6.642  0.3  ]
 [14.102  3.082  6.882  0.3  ]
 [14.102  3.245  6.881  0.3  ]
 [14.102  3.408  6.881  0.3  ]
 [14.102  3.571  6.881  0.3  ]
 [14.102  3.733  6.881  0.3  ]
 [14.102  3.896  6.881  0.3  ]
 [13.921  4.015  6.641  0.3  ]
 [13.921  4.176  6.64   0.3  ]
 [13.921  2.886  6.589  0.3  ]
 [14.102  3.078  6.828  0.3  ]
 [14.102  3.24   6.828  0.3  ]
 [14.102  3.403  6.827  0.3  ]
 [14.102  3.565  6.827  0.3  ]
 [14.102  3.728  6.827  0.3  ]
 [14.102  3.89   6.827  0.3  ]
 [13.921  4.009  6.587  0.3  ]
 [13.921  4.169  6.587  0.3  ]
 [13.921  2.882  6.536  0.3  ]
 [14.102  3.073  6.774  0.3  ]
 [14.102  3.235  6.774  0.3  ]
 [14.102  3.398  6.774  0.3  ]
 [14.102  3.56   6.774  0.3  ]
 [14.102  3.722  6.773  0.3  ]
 [14.102  3.884  6.773  0.3  ]
 [13.921  4.002  6.534  0.3  ]
 [13.921  4.162  6.534  0.3  ]
 [13.921  2.878  6.483  0.3  ]
 [14.102  3.069  6.721  0.3  ]
 [14.102  3.231  6.721  0.3  ]
 [14.102  3.392  6.72   0.3  ]
 [14.102  3.554  6.72   0.3  ]
 [14.102  3.716  6.72   0.3  ]
 [14.102  3.878  6.72   0.3  ]
 [13.921  3.996  6.482  0.3  ]
 [13.921  4.156  6.482  0.3  ]
 [13.921  2.874  6.431  0.3  ]
 [14.102  3.064  6.668  0.3  ]
 [14.102  3.226  6.667  0.3  ]
 [14.102  3.387  6.667  0.3  ]
 [14.102  3.549  6.667  0.3  ]
 [14.102  3.71   6.667  0.3  ]
 [14.102  3.872  6.666  0.3  ]
 [13.921  3.99   6.429  0.3  ]
 [13.921  4.149  6.429  0.3  ]
 [13.921  2.679  6.379  0.3  ]
 [13.921  2.87   6.378  0.3  ]
 [14.102  3.06   6.615  0.3  ]
 [14.102  3.221  6.614  0.3  ]
 [14.102  3.382  6.614  0.3  ]
 [14.102  3.543  6.614  0.3  ]
 [14.102  3.705  6.614  0.3  ]
 [14.102  3.866  6.613  0.3  ]
 [13.921  3.984  6.377  0.3  ]
 [13.921  2.675  6.326  0.3  ]
 [13.921  2.865  6.326  0.3  ]
 [14.102  3.055  6.562  0.3  ]
 [14.102  3.216  6.561  0.3  ]
 [14.102  3.377  6.561  0.3  ]
 [14.102  3.538  6.561  0.3  ]
 [14.102  3.699  6.561  0.3  ]
 [14.102  3.86   6.561  0.3  ]
 [13.921  3.978  6.325  0.3  ]
 [14.102  3.051  6.509  0.3  ]
 [14.102  3.211  6.509  0.3  ]
 [14.102  3.372  6.509  0.3  ]
 [14.102  3.533  6.508  0.3  ]
 [14.102  3.693  6.508  0.3  ]
 [14.102  3.854  6.508  0.3  ]
 [14.102  3.046  6.457  0.3  ]
 [14.102  3.207  6.456  0.3  ]
 [14.102  3.367  6.456  0.3  ]
 [14.102  3.527  6.456  0.3  ]
 [14.102  3.688  6.456  0.3  ]
 [14.102  3.848  6.455  0.3  ]
 [14.102  3.042  6.404  0.3  ]
 [14.103  3.202  6.404  0.3  ]
 [14.103  3.362  6.404  0.3  ]
 [14.103  3.522  6.404  0.3  ]
 [14.103  3.682  6.403  0.3  ]
 [14.103  3.842  6.403  0.3  ]
 [18.567  3.702  8.733  0.3  ]
 [18.597  3.899  8.766  0.3  ]
 [18.597  4.09   8.766  0.3  ]
 [18.597  4.282  8.766  0.3  ]
 [18.597  4.474  8.766  0.3  ]
 [18.597  4.666  8.765  0.3  ]
 [18.597  4.858  8.765  0.3  ]
 [18.56   5.079  8.723  0.3  ]
 [18.536  5.264  8.696  0.3  ]
 [18.528  5.453  8.687  0.3  ]] 

[[ 2.32710592  0.03        3.4042154 ]
 [ 4.21669724  0.03        3.36491317]
 [ 4.13289408  0.03       -0.6642154 ]
 [ 2.24330276  0.03       -0.62491317]
 [ 2.32710592 -1.72        3.4042154 ]
 [ 4.21669724 -1.72        3.36491317]
 [ 4.13289408 -1.72       -0.6642154 ]
 [ 2.24330276 -1.72       -0.62491317]] 



-------------  10
[1116.54  132.9  1241.    172.35]
1106.5151216382003 131.36282102610627 1234.049086827558 171.85579315737525
('pts_3d_extend shape: ', (8, 4))

 

[[ 9.575  1.716  4.416  0.3  ]
 [ 9.575  1.798  4.411  0.3  ]
 [ 9.62   1.885  4.437  0.3  ]
 [10.191  1.803  4.768  0.3  ]
 [10.191  1.801  4.747  0.3  ]
 [10.191  1.799  4.726  0.3  ]
 [10.191  1.797  4.705  0.3  ]
 [10.191  1.795  4.684  0.3  ]
 [10.191  1.793  4.663  0.3  ]
 [10.191  1.791  4.643  0.3  ]] 

[[19.7   2.13 33.47]
 [19.7   2.13 33.47]
 [19.7   2.13 33.47]
 [19.7   2.13 33.47]
 [19.7   0.7  33.47]
 [19.7   0.7  33.47]
 [19.7   0.7  33.47]
 [19.7   0.7  33.47]] 











