Pedestrian 0.0 0 1.57 902.97 170.13 925.54 218.59 1.9 0.73 0.47 11.58 -0.7 33.33 1.57 
Pedestrian 0.0 0 -1.57 460.3 178.33 470.72 202.74 1.9 0.73 0.47 -12.15 -0.75 65.95 -1.57 
Pedestrian 0.0 0 1.57 421.59 176.47 432.25 206.55 1.88 0.56 0.48 -12.16 -0.72 52.85 1.57 
Cyclist 0.0 0 -1.57 672.41 184.3 680.56 200.49 1.61 0.71 1.66 5.54 -0.37 84.32 -1.57 
Cyclist 0.0 0 -1.53 709.17 180.95 723.73 210.41 1.75 0.7 1.62 5.75 -0.42 50.88 -1.53 
Cyclist 0.0 0 -1.55 703.46 180.44 718.43 211.77 1.76 0.69 1.6 5.12 -0.43 48.1 -1.55 
Cyclist 0.0 0 1.57 848.56 175.41 913.82 258.35 1.69 0.88 1.67 5.51 -0.26 17.97 1.57 
Cyclist 0.0 0 1.57 663.0 183.88 668.93 198.12 1.76 0.65 1.59 5.59 -0.51 104.85 1.57 
Car 0.0 0 1.57 642.88 182.0 670.17 201.73 1.7 2.22 5.63 3.11 -0.53 74.91 1.57 
Car 0.0 0 -1.57 742.73 169.93 945.26 301.15 1.61 1.87 4.27 3.04 -0.22 12.48 -1.57 
