Car 0.0 0 1.55 439.09 46.13 1216.88 374 1.41 2.04 4.69 2.99 0.02 1.71 1.55 
Car 0.0 0 1.55 739.39 136.57 1126.83 374 1.92 2.27 4.89 2.58 0.37 8.5 1.55 
Car 0.0 0 -1.48 697.87 189.63 874.63 309.94 1.78 2.3 4.35 2.68 -0.03 14.74 -1.48 
Pedestrian 0.0 0 -0.84 145.61 174.63 165.26 223.75 1.73 0.66 0.65 -16.55 0.47 29.99 -0.84 
Pedestrian 0.0 0 1.57 1162.64 152.15 1220.3 281.47 1.75 0.51 0.42 7.85 0.48 11.61 1.57 
Pedestrian 0.0 0 -1.55 140.95 178.18 152.56 211.92 1.77 0.43 0.35 -24.93 0.51 44.35 -1.55 
Pedestrian 0.0 0 1.55 459.17 184.31 465.86 199.84 1.83 0.7 0.53 -18.74 0.43 99.77 1.55 
Pedestrian 0.0 0 1.47 418.07 184.01 423.4 198.51 1.74 0.56 0.45 -24.12 0.48 101.59 1.47 
Cyclist 0.0 0 1.57 391.42 179.9 413.51 212.28 1.86 0.84 1.73 -12.73 0.46 49.19 1.57 
Cyclist 0.0 0 1.57 407.36 179.79 426.37 211.76 1.96 0.78 1.7 -12.74 0.5 52.68 1.57 
Cyclist 0.0 0 1.57 312.72 182.98 346.01 222.41 1.69 0.88 1.66 -12.74 0.21 36.9 1.57 
Cyclist 0.0 0 1.57 328.75 183.53 357.26 220.77 1.67 0.76 1.66 -12.74 0.2 38.69 1.57 
Car 0.0 0 1.57 243.53 46.15 1148.62 374 1.46 2.03 4.5 0.32 0.02 3.65 1.57 
Car 0.0 0 -1.57 420.67 186.77 543.53 261.48 1.5 2.03 4.66 -2.98 0.03 19.15 -1.57 
