Car 0.0 0 -1.54 522.11 186.49 545.31 205.7 1.92 2.18 4.55 -8.9 -0.15 86.35 -1.54 
Car 0.0 0 1.53 507.02 187.37 535.32 202.77 1.42 2.14 4.73 -9.41 -0.06 79.83 1.53 
Car 0.0 0 1.53 497.43 187.26 529.23 206.95 1.66 2.17 4.79 -9.33 -0.06 73.4 1.53 
Car 0.0 0 1.51 477.77 187.33 514.09 205.75 1.42 2.22 4.76 -9.9 -0.05 67.12 1.51 
Car 0.0 0 1.51 461.29 182.17 506.27 210.2 1.92 2.45 4.97 -9.75 -0.4 60.33 1.51 
Car 0.0 0 -1.52 443.17 188.04 482.81 217.02 1.79 2.15 4.29 -10.08 0.0 54.09 -1.52 
Pedestrian 0.0 0 1.52 446.96 181.83 455.71 202.48 1.77 0.65 0.59 -14.62 -0.53 72.67 1.52 
Pedestrian 0.0 0 -0.05 603.65 183.66 607.64 199.12 1.86 0.47 0.62 -1.85 -0.52 101.75 -0.05 
Pedestrian 0.0 0 1.53 821.87 176.7 833.61 210.84 1.81 0.55 0.44 11.03 -0.6 45.01 1.53 
Cyclist 0.0 0 -1.53 741.96 177.38 770.51 231.39 1.75 0.7 1.61 4.5 -0.34 28.12 -1.53 
Cyclist 0.0 0 1.51 731.08 181.22 753.25 224.75 1.6 0.81 1.7 4.57 -0.25 31.91 1.51 
Cyclist 0.0 0 1.49 694.84 183.99 705.76 208.6 1.6 0.84 1.71 5.24 -0.26 55.78 1.49 
Cyclist 0.0 0 -1.52 749.54 175.27 785.14 240.43 1.75 0.72 1.62 4.05 -0.34 23.45 -1.52 
Cyclist 0.0 0 1.46 675.37 186.15 681.15 197.92 1.67 0.93 1.73 8.2 -0.26 120.73 1.46 
Cyclist 0.0 0 1.54 675.56 184.38 681.75 197.1 1.86 0.89 1.75 8.47 -0.53 123.99 1.54 
Cyclist 0.0 0 1.54 675.84 183.74 683.26 199.0 1.86 0.89 1.75 7.18 -0.52 103.47 1.54 
Cyclist 0.0 0 1.53 685.67 183.72 693.59 203.21 1.76 0.72 1.61 6.25 -0.39 76.85 1.53 
Cyclist 0.0 0 1.53 679.64 183.22 687.99 200.55 1.86 0.91 1.76 6.79 -0.51 91.22 1.53 
