Car 0.0 0 -1.51 498.27 185.64 520.62 204.19 1.92 2.32 4.61 -11.79 -0.25 89.42 -1.51 
Car 0.0 0 1.56 483.96 186.49 511.15 201.3 1.42 1.99 4.67 -12.09 -0.15 82.88 1.56 
Car 0.0 0 1.56 475.1 186.38 505.51 205.26 1.67 2.03 4.73 -11.8 -0.15 76.46 1.56 
Car 0.0 0 1.55 456.69 186.46 491.25 204.04 1.42 2.07 4.7 -12.18 -0.13 70.17 1.55 
Car 0.0 0 1.55 441.67 181.55 484.23 208.16 1.93 2.3 4.91 -11.82 -0.47 63.38 1.55 
Car 0.0 0 -1.49 425.35 187.12 462.46 214.52 1.79 2.28 4.35 -11.95 -0.06 57.14 -1.49 
Pedestrian 0.0 0 -0.03 572.29 183.82 577.14 198.09 1.77 0.57 0.64 -5.76 -0.52 105.01 -0.03 
Cyclist 0.0 0 -1.54 647.57 183.85 653.81 198.68 1.75 0.69 1.61 3.53 -0.49 100.28 -1.54 
Cyclist 0.0 0 1.56 667.75 183.45 680.88 209.52 1.67 0.77 1.67 3.46 -0.29 54.92 1.56 
Cyclist 0.0 0 1.56 664.79 179.77 678.27 207.0 1.86 0.85 1.74 3.49 -0.56 58.36 1.56 
Cyclist 0.0 0 1.56 823.3 157.91 906.89 301.19 1.76 0.66 1.6 3.18 -0.37 11.14 1.56 
Cyclist 0.0 0 1.56 711.86 170.6 746.49 233.91 1.86 0.85 1.74 3.26 -0.51 25.59 1.56 
Cyclist 0.0 0 -1.54 650.92 182.99 658.45 197.56 1.86 0.9 1.76 4.32 -0.64 108.27 -1.54 
